117.259900
116.505750
115.715140
114.893020
114.043780
113.171270
112.279070
111.370640
110.449590
109.519900
108.586100
107.653390
106.727720
105.815640
104.924040
104.059710
103.228930
102.437120
101.688690
100.986900
100.333860
99.730440
99.176310
98.669950
98.208850
97.789680
97.408580
97.061390
96.743810
96.451550
96.180430
95.926440
95.685830
95.455070
95.230790
95.009770
94.788880
94.565190
94.336030
94.099040
93.852210
93.593910
93.322830
93.038010
92.738830
92.424930
92.096200
91.752680
91.394640
91.022630
90.637630
90.240970
89.834250
89.419170
88.997360
88.570430
88.139980
87.707760
87.275560
86.845070
86.417600
85.993940
85.574260
85.158400
84.746050
84.337040
83.931400
83.529310
83.130970
82.736550
82.346110
81.959610
81.576880
81.197720
80.821960
80.449450
80.080220
79.714560
79.353230
78.997670
78.650150
78.313890
77.993170
77.693470
77.421580
77.185740
76.995740
76.862970
76.800460
76.822700
76.945470
77.185440
77.559720
78.085250
78.778090
79.652530
80.720080
81.988410
83.460290
85.132650
86.995960
89.034020
91.224170
93.538020
95.942440
98.400910
100.875130
103.326560
105.763070
108.015030
110.226570
112.207970
114.091180
115.751330
117.193700
118.490580
119.552390
120.464310
121.182850
121.737400
122.139990
122.402480
122.536200
122.551840
122.459370
122.268110
121.986800
121.623700
121.186590
120.682860
120.119500
119.503110
118.839800
118.135140
117.394090
116.620970
115.819530
114.993090
114.144710
113.277500
112.394870
111.500710
110.599540
109.696420
108.796900
107.906770
107.031930
106.178220
105.351230
104.556050
103.797020
103.077500
102.399710
101.764730
101.172560
100.622290
100.112310
99.640490
99.204360
98.801250
98.428300
98.082440
97.760350
97.458500
97.173170
96.900640
96.637230
96.379500
96.124300
95.868800
95.610450
95.346980
95.076390
94.796950
94.507190
94.205910
93.892230
93.565630
93.225940
92.873260
92.507860
92.130100
91.740440
91.339520
90.928220
90.507760
90.079630
89.645540
89.207160
88.766040
88.323380
87.880040
87.436640
86.993660
86.551590
86.110960
85.672290
85.236020
84.802390
84.371370
83.942750
83.516180
83.091270
82.667660
82.245060
81.823370
81.402910
80.984560
80.569980
80.161670
79.763030
79.378420
79.013270
78.674210
78.369130
78.107250
77.899140
77.756670
77.692980
77.722420
77.860380
78.122970
78.526570
79.087170
79.819530
80.736220
81.846580
83.155660
84.663220
86.362960
88.242160
90.281720
92.456630
94.736720
97.087700
99.472570
101.853090
104.191430
106.451620
108.600960
110.611180
112.459300
114.128340
115.607600
116.892570
117.984330
118.888600
119.614470
120.173080
120.576410
120.836430
120.964610
120.971790
120.868140
120.663220
120.366000
119.984810
119.527380
119.000870
118.411950
117.766930
117.071720
116.331850
115.552440
114.738250
113.893830
113.023570
112.131860
111.223100
110.301730
109.372320
108.439610
107.508740
106.585410
105.675960
104.787140
103.925800
103.098400
102.310460
101.566270
100.868730
100.219360
99.618510
99.065450
98.558600
98.095600
97.673460
97.288740
96.937680
96.616410
96.320980
96.047440
95.791850
95.550340
95.319110
95.094530
94.873120
94.651580
94.426900
94.196430
93.958030
93.710040
93.451310
93.181050
92.898750
92.604040
92.296730
91.976770
91.644310
91.299680
90.943400
90.576230
90.199140
89.813260
89.419820
89.019980
88.614670
88.204500
87.789810
87.370830
86.947830
86.521270
86.091830
85.660340
85.227550
84.794020
84.360050
83.925900
83.491880
83.058680
82.627430
82.199790
81.777960
81.364620
80.963060
80.577260
80.212130
79.873660
79.569160
79.307230
79.097870
78.952400
78.883420
78.904670
79.030980
79.284720
79.659880
80.193350
80.891750
81.767340
82.851610
84.079440
85.551890
87.148560
88.988130
90.948800
93.042730
95.240030
97.468680
99.824250
102.136430
104.414070
106.622020
108.727720
110.702450
112.522400
114.169440
115.631460
116.902330
117.981490
118.873090
119.584990
120.127630
120.512840
120.752910
120.859910
120.845240
120.719520
120.492500
120.173160
119.769650
119.289470
118.739520
118.126290
117.456010
116.734690
115.968120
115.161810
114.320910
113.450370
112.555000
111.639690
110.709620
109.770460
108.828490
107.890670
106.964440
106.057510
105.177410
104.331060
103.524420
102.762250
102.048000
101.383840
100.770720
100.208540
99.696320
99.232270
98.813960
98.438360
98.101890
97.800560
97.530080
97.286040
97.064010
96.859600
96.668470
96.486360
96.309150
96.133050
95.954650
95.771020
95.579710
95.378700
95.166340
94.941240
94.702290
94.448570
94.179340
93.894090
93.592540
93.274830
92.941580
92.593840
92.232880
91.860000
91.476240
91.082320
90.678710
90.265640
89.843180
89.411370
88.970230
88.519930
88.060890
87.593850
87.119800
86.639910
86.155370
85.667490
85.177760
84.688190
84.201510
83.721410
83.252730
82.801540
82.375190
81.982240
81.632460
81.336730
81.107000
80.956290
80.898610
80.948870
81.122600
81.435570
81.903260
82.540180
83.359000
84.369550
85.577790
86.984770
88.585810
90.370030
92.320340
94.413840
96.622560
98.914450
101.254680
103.607000
105.935150
108.204330
110.382440
112.441190
114.356950
116.111290
117.691250
119.089290
120.302940
121.334120
122.188230
122.873270
123.398850
123.775480
124.013960
124.124960
124.118730
124.004960
123.792670
