-69
-65
-57
-59
-57
-47
-39
-37
-39
-15
3
35
63
107
215
360
473
411
203
3
-138
-236
-279
-249
-180
-107
-53
-37
-41
-37
-45
-35
-37
-35
-37
-39
-37
-33
-31
-37
-31
-45
-50
-43
-39
-39
-31
-37
-39
-31
-13
-17
-19
-19
-23
-13
-15
-15
-13
-9
-9
-2
9
13
19
15
13
25
33
41
49
59
67
89
97
113
127
135
151
157
181
191
213
221
233
249
257
261
269
275
272
277
277
265
257
241
231
211
189
169
151
127
113
97
95
81
57
49
39
29
29
23
23
17
13
17
13
13
17
5
5
5
-1
3
1
1
-1
-3
-1
-1
1
1
9
-3
0
5
19
13
13
11
5
11
19
9
16
11
17
17
13
23
15
11
11
19
13
13
7
13
13
23
21
5
13
21
9
17
21
17
23
15
17
17
19
23
18
17
27
25
17
25
19
13
29
21
17
27
29
19
25
23
21
33
19
21
25
23
21
29
19
17
23
21
17
25
13
7
15
17
16
23
15
13
19
13
5
21
27
15
23
23
23
27
19
19
25
21
19
29
25
27
29
23
21
29
29
29
37
25
25
45
48
51
65
69
73
85
95
103
129
147
161
169
161
133
121
101
81
73
49
31
25
11
5
11
5
-1
-3
-11
-13
1
-1
-7
3
-3
-3
5
-1
-1
16
21
17
27
47
67
93
109
151
261
419
573
587
393
173
-3
-137
-221
-217
-145
-87
-37
-25
-19
-15
-31
-31
-27
-33
-29
-19
-21
-29
-21
-27
-31
-25
-31
-31
-25
-25
-31
-25
-35
-29
-27
-31
-25
-25
-31
-37
-23
-27
-27
-29
-29
-23
-5
-9
-9
3
-1
-5
13
15
27
39
45
53
77
91
93
111
119
133
153
173
184
201
211
223
245
243
248
259
257
257
249
243
223
213
189
165
141
125
99
81
65
45
25
17
-1
-3
-11
-25
-27
-27
-39
-33
-47
-55
-43
-51
-57
-51
-59
-75
-79
-73
-73
-61
-73
-79
-73
-85
-87
-81
-79
-80
-77
-87
-79
-79
-81
-85
-61
-69
-73
-73
-79
-83
-77
-79
-75
-77
-85
-67
-67
-67
-67
-71
-77
-73
-77
-77
-65
-65
-77
-79
-83
-81
-71
-75
-79
-61
-69
-79
-71
-79
-87
-75
-80
-85
-71
-69
-75
-65
-77
-81
-75
-79
-83
-81
-87
-83
-77
-75
-75
-77
-81
-93
-73
-73
-87
-80
-89
-95
-75
-77
-75
-73
-85
-83
-77
-89
-91
-73
-77
-85
-85
-91
-91
-77
-87
-85
-65
-83
-95
-73
-77
-83
-75
-75
-73
-63
-59
-57
-37
-43
-31
-19
7
33
55
53
49
39
13
-11
-15
-33
-63
-65
-83
-95
-99
-103
-113
-105
-117
-117
-109
-110
-117
-109
-119
-111
-105
-117
-113
-105
-107
-112
-99
-95
-94
-61
-41
-25
17
100
239
395
373
181
-37
-209
-313
-369
-361
-297
-209
-153
-129
-111
-109
-119
-111
-117
-121
-117
-130
-125
-119
-121
-119
-119
-125
-131
-121
-133
-129
-117
-121
-125
-117
-119
-121
-113
-107
-111
-93
-93
-99
-91
-91
-97
-79
-77
-75
-59
-63
-59
-47
-45
-41
-19
-11
-9
11
17
33
51
59
69
99
107
117
145
159
161
185
187
193
215
215
221
227
219
209
205
183
167
159
133
101
95
71
51
37
19
3
1
-13
-25
-25
-41
-47
-39
-47
-57
-53
-63
-63
-57
-67
-67
-59
-67
-63
-49
-59
-61
-47
-57
-57
-45
-55
-47
-39
-43
-33
-41
-39
-35
-35
-33
-27
-31
-27
-21
-31
-37
-27
-23
-23
-15
-21
-29
-21
-29
-27
-21
-17
-27
-15
-16
-17
-15
-13
-29
-21
-15
-21
-9
-15
-16
-15
-11
-23
-9
-23
-17
-15
-15
-17
-1
-11
-7
-3
-1
-1
5
-1
-11
-1
-1
-3
7
-1
-7
-3
-5
-7
1
-5
-5
5
-1
5
9
-3
-7
3
3
3
17
7
7
11
5
9
19
9
11
17
9
7
5
1
11
13
5
1
11
9
7
13
9
11
23
21
25
35
37
45
61
61
69
85
93
115
151
164
161
165
149
121
113
107
81
61
39
35
27
7
3
1
-1
-7
1
1
-5
1
1
5
7
1
-3
7
7
9
17
5
16
35
57
77
113
149
252
399
581
647
511
293
75
-77
-191
-201
-133
-59
-15
17
21
15
11
5
3
17
13
13
19
17
15
17
17
17
23
27
19
23
21
21
27
23
27
27
27
25
31
33
35
37
35
31
49
53
49
60
61
57
73
69
73
89
91
93
109
117
129
155
165
171
197
209
223
245
259
264
285
289
295
313
325
325
337
337
339
341
325
305
297
281
265
249
219
201
187
169
155
149
133
117
117
87
87
93
85
81
81
77
73
73
67
63
69
67
65
71
65
59
67
61
61
69
61
61
65
59
57
69
59
53
65
59
63
73
63
57
65
67
69
69
61
53
65
59
63
63
69
59
63
59
61
71
65
61
75
68
59
71
57
61
59
55
57
63
61
61
67
57
55
65
65
63
71
61
59
65
65
59
57
61
57
65
61
55
61
63
65
69
